1651 9 14000 1 7e2 10
-0.0
-258.506683
-1172.09998
-2932.66235
-5722.80566
-9676.23633
-14856.0908
-21316.6016
-29101.2031
-38123.8438
-48183.5508
-59174.5703
-71112.5156
-83836.9609
-96872.2656
-109731.898
-122172.922
-133970.922
-144633.688
-153601.359
-160605.188
-165517.688
-167814.25
-166485.672
-160733.844
-150655.375
-136852.688
-119236.57
-96646.1094
-68142.0234
-34254.9961
3963.87769
46984.5391
96495.1484
152620.797
212837.172
274903.938
339736.281
409636.313
484209.375
560052.75
634673.0
708804.438
783923.563
858963.375
930931.375
998081.563
1060841.13
1119335.38
1171230.13
1213069.38
1243472.75
1263859.5
1275524.5
1276873.5
1264600.75
1237058.0
1195031.0
1139253.5
1069019.13
983777.75
884312.438
771031.938
642655.625
498390.469
340499.375
172535.781
-4359.19971
-191458.844
-388879.563
-594506.25
-806899.75
-1026417.31
-1251427.25
-1475821.13
-1693523.88
-1904586.25
-2112748.0
-2316474.0
-2506907.5
-2677418.75
-2831214.5
-2974891.75
-3106645.5
-3216377.75
-3296712.0
-3348206.25
-3373631.0
-3373457.5
-3348263.25
-3298476.25
-3218839.75
-3100200.0
-2941605.5
-2753972.0
-2546002.0
-2313130.75
-2048158.38
-1755701.25
-1445637.88
-1116299.5
-757322.063
-368521.969
36199.8242
445556.219
860414.813
1284218.63
1713825.13
2143529.25
2568832.75
2983088.75
3379838.75
3761676.75
4135620.75
4495200.0
4819035.0
5094997.5
5334185.0
5551007.0
5739644.5
5882369.5
5972858.0
6017366.5
6018411.0
5971653.5
5876542.5
5736633.5
5549996.0
5310815.0
5020038.5
4683240.0
4299408.0
3864327.5
3385982.75
2882861.25
2362811.0
1814471.13
1225423.38
600253.438
-43385.6328
-689137.438
-1328254.75
-1960092.5
-2591495.75
-3228754.5
-3864111.0
-4476218.5
-5048939.0
-5585654.0
-6099243.0
-6590428.0
-7040426.5
-7425694.0
-7740004.5
-8001146.0
-8229442.5
-8416635.0
-8527483.0
-8542895.0
-8488130.0
-8397201.0
-8259760.0
-8034213.5
-7711853.0
-7329262.0
-6908043.0
-6424482.5
-5862664.0
-5256281.0
-4639301.5
-3987898.25
-3261157.0
-2476700.0
-1690353.13
-912504.25
-105556.547
736598.438
1570805.75
2379341.25
3197325.0
4039681.0
4859192.5
5614177.5
6325398.5
7021744.5
7676903.0
8252916.0
8765745.0
9247203.0
9672932.0
9993770.0
10216914.0
10388139.0
10506946.0
10529860.0
10452765.0
10316880.0
10128459.0
9845012.0
9455008.0
9000069.0
8497819.0
7913707.0
7238866.0
6524240.0
5797684.5
5015038.0
4144219.75
3234827.25
2343500.25
1444371.13
485276.344
-511222.594
-1478096.63
-2403221.5
-3321630.75
-4232447.0
-5102744.5
-5940093.0
-6778178.0
-7592108.5
-8308594.0
-8910845.0
-9458572.0
-9986725.0
-10454344.0
-10818103.0
-11090169.0
-11293200.0
-11416631.0
-11450330.0
-11408245.0
-11286349.0
-11050942.0
-10703985.0
-10305165.0
-9885744.0
-9394456.0
-8781345.0
-8085487.0
-7374959.5
-6639793.0
-5818127.5
-4906160.5
-3965293.0
-3028254.5
-2071051.38
-1083960.25
-102467.336
850934.875
1800540.75
2767790.0
3730931.0
4656788.0
5537494.5
6375079.5
7162074.0
7896984.0
8589647.0
9231958.0
9791446.0
10252441.0
10636090.0
10960388.0
11209006.0
11362421.0
11432080.0
11435705.0
11362306.0
11193113.0
10938682.0
10622224.0
10239382.0
9769033.0
9215732.0
8607416.0
7952545.5
7234313.5
6451977.5
5635785.5
4807824.5
3954524.5
3056128.0
2126134.5
1199735.63
291401.656
-616109.688
-1538314.0
-2458969.5
-3342428.5
-4172830.5
-4967580.0
-5745671.0
-6491998.0
-7171596.0
-7777396.0
-8337442.5
-8862888.0
-9316917.0
-9661796.0
-9915767.0
-10125709.0
-10294232.0
-10378155.0
-10360509.0
-10275521.0
-10145250.0
-9938030.0
-9622698.0
-9228033.0
-8804802.0
-8351715.5
-7826614.0
-7220622.5
-6571311.0
-5900861.5
-5189604.5
-4426338.0
-3641608.25
-2864740.25
-2080928.5
-1264406.0
-430922.719
377618.906
1148438.13
1902030.13
2647370.5
3368568.25
4057833.75
4725581.5
5366893.5
5950092.5
6458697.0
6918315.0
7355974.0
7751592.0
8060641.5
8275123.0
8430312.0
8551393.0
8623708.0
8622944.0
8548410.0
8413290.0
8222101.5
7973641.0
7672070.5
7320748.5
6916201.5
6461100.0
5971621.5
5459007.0
4916243.0
4338624.0
3743229.5
3147724.5
2539851.0
1894993.63
1220575.5
555952.313
-75002.25
-685208.813
-1291104.0
-1882541.38
-2440662.0
-2966066.5
-3470599.5
-3952241.5
-4395547.0
-4791004.5
-5140676.5
-5447874.0
-5711860.5
-5929676.5
-6096301.0
-6207473.5
-6267873.0
-6289370.0
-6274769.0
-6211769.0
-6091115.5
-5922484.0
-5722652.5
-5495331.0
-5233067.5
-4932580.0
-4597223.5
-4230631.0
-3839436.0
-3437173.0
-3032650.0
-2618237.25
-2182108.25
-1729303.13
-1277418.5
-834084.813
-393257.875
45527.9414
469545.063
868736.063
1246662.75
1609479.0
1954446.0
2275434.75
2571450.25
2842182.75
3081695.25
3284108.5
3451542.75
3589859.5
3699607.25
3777079.5
3822204.5
3839367.75
3830644.5
3792952.25
3723034.75
3622543.0
3497015.5
3351469.25
3187876.25
3006528.0
2808814.5
2597624.0
2374648.25
2138983.75
1890380.88
1633654.75
1377477.88
1127971.13
884403.438
641971.5
398549.0
158704.125
-69288.9219
-280646.094
-477829.344
-665540.188
-842879.813
-1003666.38
-1144839.75
-1270076.88
-1382674.63
-1478860.38
-1552661.0
-1604999.25
-1642933.0
-1670372.0
-1684161.5
-1680107.25
-1659147.75
-1625754.38
-1582566.63
-1528742.13
-1462968.25
-1386709.5
-1303863.88
-1217195.75
-1125949.25
-1028436.13
-926487.5
-824892.0
-725908.063
-627327.25
-527540.813
-429586.594
-337438.688
-250797.156
-166967.313
-86480.5469
-13066.9521
51512.6328
109135.625
161542.578
207974.906
247305.453
279962.156
306521.219
326325.906
338839.813
345152.781
346969.969
344897.063
338543.969
327797.125
313309.938
296080.094
276994.313
256594.828
235084.672
212691.828
189990.719
167642.094
145977.109
125153.398
105539.086
87551.0938
71254.4844
56506.0586
43404.6094
32238.0781
23063.2793
15653.5059
9812.60449
5470.90869
2504.28882
674.154602
-264.303772
-536.881958
-403.498352
-140.742233
-0.0
7162142.0
0.0
7897655.5
-4.09680176
8591676.0
19.4408321
9236234.0
40.4098511
9798944.0
26.2114544
10264172.0
41.719574
10653093.0
76.7084274
10983724.0
88.2588501
11239672.0
35.9844971
11401269.0
48.9371033
11479852.0
83.5199661
11493059.0
98.3234253
11429675.0
79.2107239
11270572.0
89.1618195
11026073.0
102.70208
10719269.0
95.5976105
10345475.0
27.4995785
9882991.0
41.598053
9335983.0
60.932682
8732320.0
61.2797852
8080215.5
47.556427
7362196.0
50.9295349
6577027.0
46.5021324
5755080.0
24.7511597
4918574.0
8.78674507
4053332.0
13.6401062
3138704.0
8.42840481
2188085.0
-13.1644287
1237335.5
-22.6925335
301200.875
-28.9657135
-638290.625
-48.0279007
-1597480.88
-61.6154175
-2559812.5
-18.0054207
-3488314.5
-9.02511597
-4366335.0
-24.1814518
-5211926.5
-46.4788818
-6044992.0
-39.6381531
-6849667.5
-52.6946106
-7588880.0
-88.3325882
-8254705.0
-108.726044
-8876475.0
-65.1072998
-9465820.0
-74.7726135
-9983103.0
-111.892509
-10387158.0
-138.148376
-10696606.0
-125.931183
-10961282.0
-140.393356
-11183601.0
-165.928772
-11316062.0
-169.915527
-11339123.0
-86.8259964
-11289155.0
-99.905365
-11189626.0
-128.282166
-11004861.0
-139.465698
-10699142.0
-122.754852
-10303044.0
-134.120148
-9872269.0
-143.061829
-9404828.0
-129.283997
-8852457.0
-90.6585693
-8203826.0
-96.2909241
-7500375.5
-100.643791
-6766640.0
-84.3394775
-5979380.5
-63.4671936
-5124702.0
-58.7952118
-4236990.0
-45.2921028
-3349868.75
-25.7374573
-2445774.5
-9.98244095
-1493829.75
-22.133606
-511809.188
-18.6975346
450915.844
-2.19866943
1378864.75
-4.13522482
2296377.0
3.35507202
3214340.5
34.4598961
4113521.0
58.3408813
4984182.0
30.5738506
5838839.5
37.7237244
6671238.5
70.1930618
7441495.5
103.830994
8127846.0
100.622223
8761254.0
117.135452
9375255.0
151.561462
9943805.0
165.149399
10408598.0
87.5586624
10757228.0
97.7093811
11033557.0
131.940491
11269320.0
155.0271
11444244.0
142.707306
11524562.0
160.04599
11507311.0
187.632996
11408230.0
188.356628
11231651.0
138.529907
10974144.0
148.84201
10639592.0
169.451614
10230852.0
167.852295
9741230.0
143.69931
9172520.0
145.41246
8545887.0
144.605896
7876045.0
130.195007
7151627.5
73.6577606
6364266.0
87.4563293
5537525.0
95.2831497
4696642.0
83.6021729
3822693.5
75.2720032
2877325.0
72.7231293
1869887.75
49.6014977
859425.938
21.7320251
-117008.125
25.76721
-1078913.63
22.5779724
-2052100.75
-3.49602747
-3020702.25
-41.0682983
-3954117.5
-52.5483704
-4852377.5
-71.8640594
-5734079.0
-110.711983
-6595418.0
-134.144043
-7409797.0
-77.7136917
-8159618.0
-86.9629822
-8846454.0
-123.473564
-9474107.0
-155.602417
-10039410.0
-149.719696
-10535100.0
-172.837921
-10949882.0
-212.605774
-11273331.0
-227.170715
-11510961.0
-173.78894
-11681881.0
-185.664215
-11789045.0
-216.981201
-11806825.0
-227.327637
-11714236.0
-202.911285
-11526130.0
-207.688705
-11272063.0
-217.98439
-10956981.0
-207.546967
-10563550.0
-53.8780556
-10082087.0
-67.7716064
-9516161.0
-88.5669785
-8870114.0
-88.3792114
-8154890.5
-77.3744812
-7396878.5
-82.9952698
-6613578.0
-79.1821976
-5787111.0
-58.2489624
-4889228.5
-43.1014404
-3928438.25
-47.2113342
-2942668.75
-39.3394127
-1948737.75
-9.39532471
-932035.188
6.41971016
109476.875
20.6149445
1145750.75
52.0809898
2151539.25
76.9063263
3134298.0
44.274971
4108554.5
45.707428
5066682.0
73.8701859
5991639.5
105.42041
6879030.0
104.298615
7726036.0
125.57016
8514111.0
168.080261
9223647.0
192.53241
9856580.0
143.630493
10425862.0
155.093231
10929669.0
190.709656
11353282.0
212.085571
11692080.0
192.932465
11955028.0
203.190536
12144454.0
225.015076
12246241.0
223.447083
12244692.0
106.275833
12139411.0
116.787384
11943317.0
146.162292
11668583.0
156.427368
11317594.0
139.486847
10886900.0
152.649139
10376891.0
162.823669
9793705.0
149.305206
9139455.0
111.61145
8406305.0
121.321136
7588443.0
127.888741
6700406.0
106.257874
5774277.0
82.9594421
4834157.0
73.2472687
3876356.0
49.0399742
2878613.75
23.6469727
1828904.25
17.7990055
745572.25
19.1961975
-333358.75
0.00690174103
-1383284.63
-31.6375732
-2413746.5
-40.4423523
-3446873.25
-59.3467102
-4477328.0
-103.581367
-5470402.0
-139.987122
-6405163.0
-110.177124
-7297175.0
-122.025787
-8161549.0
-160.790039
-8972253.0
-194.707642
-9686612.0
-185.384186
-10301391.0
-200.262009
-10853689.0
-231.133896
-11363814.0
-240.94693
-11805149.0
-92.2675629
-12140362.0
-101.018372
-12365848.0
-134.199493
-12504971.0
-153.050232
-12569881.0
-137.385223
-12546012.0
-155.820709
-12413038.0
-182.38385
-12172478.0
-180.791931
-11848526.0
-129.605835
-11458544.0
-143.963776
-10988385.0
-166.619446
-10412592.0
-160.247131
-9739127.0
-134.221527
-9009936.0
-132.223923
-8245348.0
-123.376038
-7416471.0
-101.194351
-6497154.0
-62.3944626
-5516787.0
-69.2124939
-4522936.0
-65.1063766
-3512193.5
-42.1760254
-2445554.75
-28.605196
-1326280.88
-14.5829163
-210071.0
19.5704918
869177.0
55.9347534
1935164.13
45.0142822
3014237.0
51.9982605
4089340.0
83.3422318
5131846.5
119.977295
6140708.0
122.246185
7118348.5
138.97496
8037714.5
174.809021
8868431.0
189.710632
9618220.0
88.2593231
10316243.0
93.4641418
10965845.0
127.228462
11538122.0
156.879517
12006383.0
145.008331
12367204.0
167.643509
12632629.0
207.134705
12815761.0
218.4039
12919055.0
162.657837
12929178.0
179.202972
12831240.0
215.628967
12630026.0
225.205139
12342244.0
202.42038
11968931.0
208.714066
11499230.0
215.288025
10942502.0
200.434082
10324109.0
131.786316
9642083.0
143.193268
8864929.0
152.635803
7989203.0
139.756958
7059728.5
119.342804
6109566.0
112.802704
5118137.0
88.3786011
4059724.75
51.0480347
2955790.0
34.7891846
1841284.75
29.8435974
713671.5
4.38208485
-437132.375
-34.2885742
-1578438.13
-49.3409729
-2668982.5
-68.2824554
-3723676.5
-104.183617
-4785510.0
-129.031342
0.0
240.338791
806.676331
1449.67676
1916.14539
1963.76929
1326.63013
-297.146881
-3172.04956
-7498.93848
-13508.6445
-21442.9375
-31352.666
-43110.6758
-56768.793
-72649.1719
-90882.0938
-111143.227
-133074.344
-156562.172
-181316.172
-206683.172
-232293.781
-258306.609
-284502.75
-309826.906
-333439.188
-355357.031
-375202.344
-391342.969
-402528.406
-409415.906
-412861.313
-411498.344
-402880.063
-386580.219
-364084.344
-335743.438
-299841.75
-254971.922
-201653.234
-141215.828
-74247.5156
-369.011353
81316.7266
171249.656
268247.156
370128.75
476087.563
586742.313
701023.688
815442.438
928143.5
1040752.75
1153990.63
1264831.0
1370760.13
1472494.25
1568506.75
1652101.63
1720073.63
1779010.13
1834490.88
1878454.38
1898030.75
1893990.25
1877647.38
1850362.63
1800817.13
1725205.25
1634375.63
1534004.5
1412300.25
1258588.25
1082453.0
900627.688
712001.063
500346.219
259205.922
1255.81714
-257699.953
-514303.469
-776014.25
-1050486.63
-1337780.13
-1628731.5
-1911913.13
-2185126.5
-2456134.0
-2727581.0
-2987012.75
-3219098.5
-3422918.75
-3608104.75
-3777470.25
-3923519.5
-4040146.75
-4127321.5
-4184362.0
-4208403.0
-4200207.5
-4162280.25
-4090002.5
-3974007.5
-3813405.75
-3617794.0
-3393000.0
-3133422.75
-2832405.75
-2493247.0
-2125655.5
-1737061.25
-1330273.13
-904044.438
-453413.313
23338.0723
516483.094
1011401.06
1505203.38
2005876.13
2511029.5
3001244.0
3464202.75
3911820.25
4358368.0
4791438.5
5184156.5
5531237.0
5850728.0
6148306.0
6402331.0
6593030.5
6727184.5
6820612.5
6871441.0
6867050.0
6805993.5
6694552.5
6528319.0
6296869.0
6004756.5
5669909.5
5299081.5
4880139.5
4401822.5
3868654.75
3293109.5
2686105.75
2057772.88
1415045.0
753701.625
64247.625
-650116.063
-1371681.38
-2087221.63
-2795949.5
-3496349.5
-4180297.5
-4845359.0
-5495258.0
-6119002.0
-6686742.0
-7181067.5
-7617999.5
-8021713.0
-8389440.0
-8697993.0
-8935363.0
-9106711.0
-9214000.0
-9248728.0
-9205799.0
-9090360.0
-8908316.0
-8658615.0
-8336223.5
-7938567.5
-7472319.0
-6954858.5
-6399893.5
-5797412.0
-5122756.5
-4373452.0
-3580909.0
-2774357.75
-1952570.25
-1106415.88
-246927.688
614439.063
1491280.25
2393109.0
3285866.0
4123727.25
4913400.5
5700875.0
6490015.0
7224567.5
7868067.5
8454367.0
9026105.0
9559672.0
9994016.0
10313645.0
10558274.0
10755659.0
10885456.0
10916594.0
10848928.0
10703277.0
10490914.0
10208396.0
9850925.0
9416107.0
8900435.0
8303821.0
7636843.0
6915208.5
6146571.5
5328605.5
4463197.5
3567074.75
2661849.25
1752046.63
819003.0
-156797.234
-1166060.75
-2169710.0
-3130118.25
-4041952.25
-4926473.5
-5796431.0
-6634943.0
-7414779.5
-8130085.0
-8795200.0
-9412890.0
-9962157.0
-10424841.0
-10806376.0
-11115466.0
-11340308.0
-11467462.0
-11510482.0
-11489522.0
-11390211.0
-11180084.0
-10866673.0
-10498072.0
-10093809.0
-9616816.0
-9035786.0
-8376171.5
-7676932.5
-6931947.5
-6116232.0
-5244599.5
-4356519.0
-3458362.75
-2528225.0
-1570128.0
-613740.375
337818.469
1309372.5
2294887.75
3245840.5
4134702.25
4987536.0
5830048.0
6639117.5
7376549.5
8041920.5
8659784.0
9233745.0
9742974.0
10172594.0
10521300.0
10787101.0
10967881.0
11071443.0
11107169.0
11071203.0
10953551.0
10754631.0
10482535.0
10138816.0
9718924.0
9222861.0
8657126.0
8031377.0
7360329.0
6659089.0
5927991.5
5149796.5
4313660.0
3435459.75
2544856.25
1659024.75
779646.313
-93150.3594
-958100.375
-1820176.63
-2684201.0
-3538933.75
-4358107.5
-5120670.0
-5823285.0
-6473661.5
-7079310.5
-7644065.0
-8165018.5
-8627240.0
-9009183.0
-9302486.0
-9523191.0
-9693121.0
-9808985.0
-9841868.0
-9774885.0
-9630488.0
-9444431.0
-9217677.0
-8916525.0
-8525491.0
-8076891.5
-7610497.0
-7121434.5
-6572313.0
-5948673.0
-5275598.5
-4580185.0
-3864421.0
-3124563.0
-2373929.5
-1629493.38
-888472.938
-136509.172
624873.75
1372774.88
2086633.25
2766931.0
3426156.25
4065536.5
4667817.5
5214929.0
5707124.5
6157016.0
6567548.5
6926987.0
7227491.0
7474924.5
7673657.5
7814593.0
7888285.0
7898734.0
7853550.0
7751923.0
7593824.0
7388121.5
7137871.0
6832498.0
6471363.0
6078239.5
5669574.5
5225763.0
4723529.5
4182826.75
3644920.5
3112637.25
2553858.25
1963269.75
1375210.25
808244.563
241772.438
-335650.875
-897537.563
-1422208.63
-1925786.0
-2423731.5
-2894127.5
-3312324.0
-3692705.25
-4058900.25
-4397319.0
-4679902.0
-4912734.5
-5119325.0
-5291080.5
-5400303.5
-5453743.5
-5485407.0
-5497030.5
-5453247.0
-5342545.5
-5197350.5
-5039652.0
-4849456.0
-4608019.0
-4334937.0
-4055321.75
-3760495.75
-3431020.5
-3076006.25
-2718938.75
-2361518.75
-1990756.0
-1610154.25
-1235274.38
-866163.875
-491178.281
-114322.602
246245.047
585193.375
912749.313
1230262.88
1525075.63
1791986.88
2039009.38
2266816.75
2462172.5
2619029.0
2749611.75
2865184.75
2959879.5
3023456.75
3057933.0
3070454.75
3059464.0
3019868.0
2955437.5
2874791.25
2779144.25
2663963.5
2529811.0
2382449.5
2224049.25
2053057.5
1871781.38
1686131.88
1497707.38
1303597.25
1104918.0
908629.313
718828.5
532578.375
347280.875
167012.281
-2418.85059
-160718.469
-310910.125
-452219.219
-579982.813
-691854.688
-790100.625
-877116.938
-952011.438
-1012932.5
-1060287.63
-1095712.25
-1119473.5
-1130959.38
-1130909.0
-1121031.13
-1101707.13
-1072224.75
-1033588.13
-989001.125
-940614.188
-887586.625
-828696.813
-765360.875
-700270.063
-634217.063
-566538.75
-498256.938
-432274.688
-370040.406
-310108.906
-251071.297
-194311.922
-142503.547
-96377.2578
-54504.3242
-15813.0684
19008.5898
48741.5898
73145.8281
92822.5703
108248.992
119540.008
126918.023
130918.789
132039.766
130461.445
126264.203
119794.484
111649.367
102351.516
92208.4063
81494.5
70588.7109
59861.5156
49558.9258
39877.0078
31047.6992
23269.6133
16626.0957
11130.3135
6793.21387
3604.47925
1494.55688
343.991486
0.0
-4356560.5
0.0
-3458657.0
-15.8179321
-2528822.25
-21.6189575
-1570855.25
-11.5417328
-614210.375
-13.6504049
338205.0
-12.5526123
1311465.75
9.87841797
2299773.75
29.8690796
3254720.5
6.88637638
4148838.5
6.60138702
5008377.5
31.5717163
5859288.0
61.9094849
6678481.5
58.7417145
7427597.5
73.0388184
8106168.5
103.076843
8738900.0
113.946594
9329418.0
39.679348
9856628.0
45.5903931
10305331.0
76.6593628
10673977.0
99.6948853
10960277.0
85.7997284
11161763.0
102.028442
11286025.0
131.700684
11342278.0
133.83197
11326231.0
81.1828995
11227236.0
91.599884
11045219.0
115.792419
10787971.0
117.583069
10456568.0
95.3738556
10045751.0
98.9624023
9554899.0
103.146667
8990098.0
93.6270142
8360746.0
27.6119232
7681583.5
42.1174316
6967887.5
58.8344574
6219579.0
54.7677612
5418075.5
49.8034515
4551316.5
53.5639648
3635354.25
43.0170898
2701037.25
22.7233276
1766284.13
23.373497
832684.75
26.9273376
-99810.875
12.4730835
-1030030.0
-16.2617798
-1963510.5
-24.2338715
-2905701.25
-37.2805176
-3844679.5
-69.5863037
-4751963.5
-88.088562
-5604349.0
-38.8868675
-6397726.0
-41.6366577
-7140075.5
-71.0420532
-7839263.0
-99.6322632
-8499169.0
-92.2002716
-9116195.0
-111.182007
-9673180.0
-151.041504
-10145199.0
-166.57135
-10521773.0
-118.228233
-10819926.0
-127.979218
-11063553.0
-159.798401
-11248166.0
-174.351746
-11339645.0
-154.740829
-11317115.0
-160.916504
-11205017.0
-178.997375
-11043795.0
-172.65274
-10833798.0
-45.2181778
-10534410.0
-58.1712036
-10125771.0
-83.4558716
-9644640.0
-91.0055084
-9137494.0
-79.9605865
-8597918.0
-91.3924561
-7979862.0
-97.4453125
-7264211.5
-84.0686264
-6479946.0
-61.3927994
-5659190.5
-70.7105789
-4803612.0
-70.8887329
-3907741.0
-48.6889038
-2987434.5
-33.0043793
-2063566.88
-22.9387207
-1132366.75
0.697814941
-175115.078
23.0286255
806891.063
8.55727768
1784535.75
7.04742432
2730977.0
27.5470581
3646357.0
56.2476196
4546741.5
58.4930878
5433588.5
77.1719971
6283511.0
117.95459
7071325.0
144.101501
7796113.0
108.470009
8473918.0
118.089142
9107846.0
153.981873
9680565.0
180.755676
10179670.0
167.52681
10611799.0
181.611328
10981642.0
208.472229
11274593.0
213.496155
11475038.0
104.032608
11586541.0
116.036011
11618104.0
149.301651
11566453.0
166.734802
11429356.0
152.954208
11217994.0
170.695557
10935020.0
190.85791
10562104.0
186.242371
10095725.0
145.450165
9570653.0
157.406342
9011310.0
173.17572
8385193.5
162.066345
7652592.5
138.8423
6842953.0
133.963623
6022090.0
118.724243
5194304.0
94.2942505
4305168.5
69.6229019
3343668.5
73.7529907
2366563.0
62.3148804
1405575.0
35.3287964
424949.563
23.3324432
-596342.063
4.07971191
-1612113.63
-36.2797852
-2582859.0
-70.4951782
-3536709.5
-57.8356552
-4501841.0
-69.8005066
-5437491.0
-105.282776
-6295796.0
-141.993103
-7101691.0
-142.517685
-7899289.0
-160.678711
-8661518.0
-195.745056
-9331121.0
-210.418427
-9916921.0
-54.9730263
-10463790.0
-59.440979
-10952432.0
-91.3338013
-11322497.0
-113.510483
-11583649.0
-99.1894684
-11804727.0
-118.869019
-11987878.0
-151.708496
-12053356.0
-157.56842
-11970499.0
-106.0355
-11806762.0
-120.211113
-11609372.0
-149.428284
-11330164.0
-154.121765
-10921170.0
-130.586411
-10423827.0
-133.367432
-9895510.0
-134.016907
-9313363.0
-117.772156
-8626103.0
-62.133152
-7852192.5
-71.8783569
-7048544.0
-78.6375122
-6218315.0
-63.8676147
-5325582.5
-48.8877716
-4376956.5
-41.9090576
-3412817.5
-17.7211914
-2432681.5
12.3163452
-1402659.13
19.3860245
-332021.813
22.678009
727476.375
45.3861694
1758995.38
79.7158813
2792089.75
86.45784
3830794.25
100.319824
4835011.5
131.869324
5785758.0
148.705139
6706099.5
75.6978607
7596271.5
75.8596191
8409030.0
105.318832
9118496.0
133.267761
9761668.0
122.287827
10375084.0
143.563965
10934986.0
185.095215
11399203.0
201.332703
11769255.0
148.123505
12067029.0
163.317963
12281423.0
202.207458
12385935.0
220.80072
12388958.0
202.375504
12320521.0
212.110107
12181039.0
227.648071
11945269.0
219.192688
11609067.0
137.519379
11192452.0
149.066467
10700214.0
168.536072
10119374.0
165.133362
9455271.0
144.862228
8732580.0
143.974243
7955733.0
134.958496
7105151.0
106.288025
6181808.0
74.2405167
5220492.5
72.3176575
4243047.5
60.4750366
3231155.5
26.8240356
2166587.0
6.86854458
1071937.5
-9.40087891
-15979.625
-37.411438
-1093394.13
-62.8226624
-2179328.0
-26.0318222
-3267711.0
-21.270813
-4322689.0
-40.1629028
-5321605.0
-67.030899
-6275547.0
-62.5592194
-7198284.0
-80.5848389
-8077656.0
-122.223633
-8891479.0
-147.910019
-9635090.0
-102.998268
-10314912.0
-117.324837
-10925186.0
-158.222717
-11450608.0
-190.614685
-11887982.0
-178.215317
-12244535.0
-194.376221
-12513925.0
-223.333435
-12676197.0
-225.658875
-12729596.0
-134.169281
-12700835.0
-146.468201
-12607736.0
-177.843567
-12429870.0
-188.924255
-12137846.0
-170.475662
-11737709.0
-180.015503
-11257900.0
-191.04541
-10701198.0
-173.898499
-10045716.0
-127.623741
-9297020.0
-132.223358
-8499671.0
-136.111877
-7678725.0
-115.931824
-6801949.0
-92.1294403
-5830634.0
-83.5761719
-4786086.0
-66.496521
-3729735.5
-43.9100952
-2685702.5
-27.842392
-1620543.25
-37.5577393
-502769.313
-29.604599
647843.25
-3.73394775
1785281.75
-0.233290672
2887267.0
13.6018066
3960391.5
53.3110352
5008382.0
84.6173706
6018609.0
55.8876572
6980232.5
66.1407166
7898049.0
107.597595
8777616.0
149.378845
9604908.0
148.701675
10352633.0
170.510498
11006847.0
209.841431
11576028.0
223.677063
12069389.0
135.966644
